,dr_ratio,N_bar1,N_bar2,S1,S2,H_peak,H_off_peak
0.5,0.0,15.833333333333279,20.0,25.71428571428561,56.57142857142844,0.07200000000000001,0.09412008281573536
0.6,0.0,15.833333333333236,24.0,25.71428571428561,56.57142857142844,0.07200000000000001,0.09412008281573536
0.7,0.0,15.833333333333274,23.99999999999999,25.71428571428561,56.57142857142844,0.07200000000000001,0.09412008281573536
0.8,1.756595144029914e-14,15.833333333333272,24.0,25.71428571428561,56.57142857142844,0.07200000000000001,0.09412008281573536
0.9,0.0,15.833333333333258,23.99999999999975,25.71428571428561,56.57142857142844,0.07200000000000001,0.09412008281573539
1.0,0.0,14.99999999999985,24.0,25.71428571428561,56.57142857142844,0.07200000000000001,0.09412008281573539
1.1,0.0,14.999999999999858,24.0,25.71428571428561,56.57142857142844,0.07200000000000001,0.09412008281573539
1.2,0.0,15.83333333333326,24.0,25.71428571428561,56.57142857142844,0.07200000000000001,0.09412008281573539
1.3,0.0,14.999999999999929,24.0,25.71428571428561,56.57142857142844,0.07200000000000001,0.09412008281573539
1.4,0.0,15.833333333333272,24.0,25.71428571428561,56.57142857142844,0.07200000000000001,0.094120082815735
1.5,0.0,16.666664061306314,24.0,25.71428571428561,56.57142857142844,0.07200000000000001,0.09412008281573539
1.6,0.0,15.833330203703634,24.0,25.71428571428561,56.57142857142844,0.07200000000000001,0.09412008281573539
1.7,0.0,24.0,0.0,61.587511297444266,92.44465415458708,0.08093650427153082,0.09412008281573539
1.8,0.0,16.66666554891021,24.0,25.71428571428561,56.57142857142844,0.07200000000000001,0.09412008281573533
1.9,0.0,24.0,0.0,160.42906574394462,196.0055363321799,0.08164705882352942,0.09412008281573539
2.0,0.0,20.0,24.0,25.71428571428561,56.57142857142844,0.08163636363636365,0.09412008281573539
